[8, 4, 64, 63, 13, 25, 23, 16, 3, 1, 50, 66, 2, 41, 35, 46]
[72, 70, 65, 6, 12, 21, 28, 24, 20, 17]



Worst case depot2 : 
[[0, [0], [1, 2]],
 [1, [1], [3, 35]],
 [2, [2], [4, 64]],
 [3, [3], [8, 13]],
 [5, [5], [12, 24]],
 [7, [7], [20, 17]],
 [9, [9], [23, 41]],
 [10, [10], [25, 16]],
 [30, [30], [63, 50]],
 [31, [31], [65, 21]],
 [32, [32], [66, 46]],
 [35, [35], [70, 6]],
 [36, [36], [72, 28]]]

Reqs of depot 2 

{0: (1, 2),
 1: (3, 35),
 2: (4, 64),
 3: (8, 13),
 5: (12, 24),
 7: (20, 17),
 9: (23, 41),
 10: (25, 16),
 30: (63, 50),
 31: (65, 21),
 32: (66, 46),
 35: (70, 6),
 36: (72, 28)}


