[([[[2, [16, 19], [41, 37, 34, 22]],
    [1, [13, 4, 6], [15, 31, 43, 18, 48, 42]],
    [0, [15], [35, 49]]],
   [[1, [39, 25, 24], [52, 51, 80, 21, 5, 10]], [0, [38], [79, 61]]],
   [[2, [23, 7, 21], [19, 47, 45, 50, 53, 25]],
    [5, [12, 31, 18], [62, 40, 30, 23, 20, 13]],
    [3,
     [2, 32, 14, 11, 27, 10, 33],
     [32, 7, 4, 29, 33, 63, 55, 77, 69, 28, 27, 64, 71, 65]],
    [1, [], []],
    [0, [34, 9, 8, 0], [3, 26, 24, 68, 67, 66, 2, 14]],
    [4, [3, 5], [9, 16, 12, 11]]],
   [[0, [30], [60, 58]]],
   [[3, [37, 35, 36], [74, 75, 73, 76, 17, 8]],
    [2, [], []],
    [1, [29, 28, 1], [56, 57, 38, 1, 6, 59]],
    [0, [26, 22, 20, 17], [54, 46, 44, 36, 39, 70, 78, 72]]]]