# pop size 100, 300 gen, CX=1.0, Mutate = 1.0

pickup
 processing time --- 0.015583038330078125 seconds ---
Populations creation time --- 6.920889377593994 seconds ---
GA time --- 53.73499584197998 seconds ---
Distances of the best chromosome: 1071.45729103
[[1, [42, 47, 45, 40, 36, 41, 39, 46, 3, 52], [90, 90, 87, 87, 86, 86, 83, 83, 76, 76, 78, 78, 81, 104, 81, 104, 82, 82, 71, 71, 70, 70, 73, 73, 77, 79, 79, 77, 80, 80, 88, 88, 100, 106, 6, 4]], [4, [51, 50, 43, 48, 44, 49, 11, 45], [86, 98, 96, 95, 94, 92, 93, 97, 85, 84, 88, 89, 91, 99, 23, 102]], [3, [19, 17, 10, 20, 15, 13, 18, 14, 9, 6, 8, 7], [20, 33, 13, 17, 18, 19, 15, 27, 29, 35, 37, 38, 39, 101, 30, 28, 16, 14, 12, 36, 34, 26, 22, 21]], [2, [34, 38, 32, 35, 24, 37, 22, 16, 33, 12], [24, 25, 32, 31, 42, 67, 65, 63, 74, 62, 40, 44, 46, 72, 61, 103, 64, 68, 66, 69]], [5, [28, 29, 31, 23, 30, 25, 26, 26, 26, 21, 26, 21, 27, 27], [43, 41, 41, 57, 55, 54, 53, 56, 58, 60, 59, 45, 48, 51, 51, 50, 50, 52, 49, 49, 47, 105, 47, 105, 47, 105, 47, 105]], [0, [5, 4, 2, 0, 1], [5, 3, 7, 8, 10, 11, 9, 2, 1, 75]]]
Distances of the worst chromosome: 1243.21623474
[[1, [42, 47, 45, 40, 36, 41, 39, 46, 52, 0], [90, 90, 87, 87, 86, 86, 83, 83, 76, 76, 78, 78, 81, 104, 81, 104, 82, 82, 71, 71, 70, 70, 73, 73, 77, 79, 79, 77, 80, 80, 88, 88, 100, 106, 1, 75]], [4, [51, 50, 43, 48, 44, 49, 11], [98, 96, 95, 94, 92, 93, 97, 85, 84, 89, 91, 99, 23, 102]], [3, [19, 17, 10, 20, 15, 13, 8, 14, 6, 7, 18], [20, 13, 17, 18, 33, 27, 29, 35, 37, 38, 39, 101, 30, 28, 16, 14, 12, 36, 34, 26, 22, 21]], [2, [34, 38, 32, 35, 24, 37, 22, 16, 33, 12], [24, 25, 32, 31, 42, 67, 65, 63, 74, 62, 40, 44, 46, 72, 61, 103, 64, 68, 66, 69]], [5, [], [43, 41, 41, 57, 55, 54, 53, 56, 58, 60, 59, 45, 48, 51, 51, 50, 50, 52, 49, 49, 47, 105, 47, 105, 47, 105, 47, 105]], [0, [4, 7, 3, 8, 1, 6, 2, 52, 5, 9, 0, 14, 18], [5, 3, 7, 13, 17, 18, 19, 15, 27, 29, 35, 37, 10, 8, 11, 16, 14, 12, 100, 106, 9, 6, 4, 2, 1, 75]]]
Have equal nodes:True
Chromosome waiting time :4627.065313768483



Populations creation time --- 8.967516660690308 seconds ---
GA time --- 12.55103588104248 seconds ---
Distances of the best chromosome: 897.492567551
[[0, [30, 25, 27, 31, 28, 29, 21, 26, 23], [43, 41, 57, 55, 54, 53, 56, 58, 60, 59, 45, 48, 51, 50, 52, 49, 47, 105]], [1, [43, 47, 46, 45, 44], [90, 87, 86, 83, 82, 84, 85, 88, 89, 91]], [2, [17, 19, 18, 12, 20, 16, 13], [24, 25, 32, 33, 31, 35, 37, 38, 39, 101, 36, 34, 26, 22]], [3, [39, 42, 40, 41, 36], [81, 104, 78, 76, 71, 70, 73, 77, 79, 80]], [4, [38, 22, 32, 24, 37, 34, 33, 35], [42, 67, 65, 63, 62, 40, 44, 46, 74, 72, 61, 103, 64, 68, 66, 69]], [5, [50, 48, 51, 3, 49, 52], [98, 96, 95, 94, 92, 93, 97, 100, 106, 99, 6, 4]], [6, [15, 11, 14, 10], [20, 27, 29, 30, 28, 23, 102, 21]], [7, [5, 7, 6, 9, 1, 8, 2, 0, 4], [5, 3, 7, 13, 17, 18, 10, 8, 19, 15, 11, 16, 14, 12, 9, 2, 1, 75]]]
Distances of the worst chromosome: 986.385090883
[[0, [30, 25, 27, 31, 28, 29, 21, 26, 23], [43, 41, 57, 55, 54, 53, 56, 58, 60, 59, 45, 48, 51, 50, 52, 49, 47, 105]], [1, [49, 45, 43, 3, 44, 47, 46, 51, 48, 50, 52, 5, 0], [90, 87, 86, 98, 96, 95, 94, 92, 8, 82, 83, 84, 85, 93, 97, 100, 106, 99, 88, 89, 6, 4, 2, 1, 91, 75]], [2, [17, 19, 18, 12, 20, 16], [24, 25, 32, 33, 31, 35, 37, 38, 39, 101, 36, 34]], [3, [39, 41, 40, 42, 36, 33, 35], [67, 63, 81, 104, 78, 76, 71, 70, 73, 77, 79, 80, 66, 69]], [4, [38, 22, 32, 24, 37, 34], [42, 65, 62, 40, 44, 46, 74, 72, 61, 103, 64, 68]], [5, [], []], [6, [6, 2, 7, 8, 4, 15, 13, 9, 1, 14, 10, 11], [20, 5, 3, 7, 13, 17, 18, 19, 15, 27, 29, 30, 10, 11, 16, 14, 12, 9, 28, 26, 23, 102, 22, 21]]]
Chromosome waiting time :5811.162709342379






////////////////////////////////////////////////////

pickup
 processing time --- 0.015656471252441406 seconds ---
Populations creation time --- 6.687426805496216 seconds ---
GA time --- 16.234880685806274 seconds ---
Distances of the best chromosome: 996.357605283
[[3, [7, 4, 6, 9, 2, 52, 14, 5, 8, 1, 0, 3], [5, 3, 7, 13, 17, 18, 19, 15, 27, 29, 10, 8, 11, 16, 14, 12, 100, 106, 9, 6, 4, 2, 1, 75]], [1, [], []], [0, [44, 43, 45, 47, 46, 48, 51, 49, 50], [98, 96, 95, 90, 87, 86, 83, 82, 94, 93, 92, 97, 85, 84, 88, 89, 91, 99]], [4, [38, 37, 34, 24, 22, 32, 21, 23, 30, 26, 28, 27, 29, 25, 31], [65, 43, 41, 42, 57, 54, 55, 40, 62, 74, 72, 44, 46, 56, 53, 58, 60, 59, 45, 61, 103, 64, 68, 48, 51, 50, 52, 49, 47, 105]], [2, [16, 11, 19, 17, 18, 20, 13, 12, 10, 15], [20, 24, 25, 32, 32, 31, 31, 33, 33, 35, 35, 37, 37, 38, 38, 39, 101, 39, 101, 30, 28, 36, 36, 34, 34, 26, 26, 23, 102, 23, 102, 22, 22, 21]], [5, [36, 40, 39, 42, 41, 33, 35], [67, 63, 81, 104, 78, 76, 71, 70, 73, 77, 79, 80, 66, 69]]]
Distances of the worst chromosome: 1161.9486437
[[3, [43], [84, 89]], [4, [38, 37, 34, 24, 22, 32, 21, 23, 30, 26, 28, 27, 29, 25, 31], [65, 43, 41, 42, 57, 54, 55, 40, 62, 74, 72, 44, 46, 56, 53, 58, 60, 59, 45, 61, 103, 64, 68, 48, 51, 50, 52, 49, 47, 105]], [2, [16, 11, 19, 17, 18, 20, 13], [32, 32, 31, 31, 33, 33, 35, 35, 37, 37, 38, 38, 39, 101, 39, 101, 36, 36, 34, 34, 26, 26, 23, 102, 23, 102, 22, 22]], [1, [6, 7, 2, 5, 1, 4, 9, 8, 12, 14, 52, 3, 0, 10, 15, 48, 50, 51, 49, 44, 47, 46, 45], [20, 24, 25, 5, 3, 7, 90, 87, 86, 98, 95, 96, 13, 17, 18, 19, 15, 27, 29, 10, 8, 83, 82, 94, 92, 93, 97, 85, 11, 28, 30, 16, 14, 12, 100, 106, 88, 9, 6, 4, 2, 99, 91, 1, 75, 21]], [0, [], []], [5, [36, 40, 39, 42, 41, 33, 35], [67, 63, 81, 104, 78, 76, 71, 70, 73, 77, 79, 80, 66, 69]]]
Have equal nodes:True
Chromosome waiting time :3991.545674998927






//////lc 101 ///////
 calculationtime 28 seconds ---
[[1, [38, 39, 40, 41, 42], [81, 78, 104, 76, 71, 70, 73, 77, 79, 80]], [2, [28, 29, 30, 31], [57, 55, 54, 53, 56, 58, 60, 59]], [3, [48, 49, 50, 51, 52], [98, 96, 95, 94, 92, 93, 97, 106, 100, 99]], [4, [8, 9, 6, 7], [13, 17, 18, 19, 15, 16, 14, 12]], [5, [16, 17, 18, 19, 20], [32, 33, 31, 35, 37, 38, 39, 36, 105, 34]], [6, [43, 44, 45, 46, 47], [90, 87, 86, 83, 82, 84, 85, 88, 89, 91]], [7, [21, 22, 23, 24, 25, 26, 27], [43, 42, 41, 40, 44, 46, 45, 48, 51, 101, 50, 52, 49, 47]], [8, [32, 33, 34, 35, 36, 37], [67, 65, 63, 62, 74, 72, 61, 64, 102, 68, 66, 69]], [9, [0, 1, 2, 3, 4, 5], [5, 3, 7, 8, 10, 11, 9, 6, 4, 2, 1, 75]], [10, [10, 11, 12, 13, 14, 15], [20, 24, 25, 27, 29, 30, 28, 26, 23, 103, 22, 21]]]
Best Solution Distance: 828.936866943
Chromosome waiting time :7730.992190261122
[[8, [35, 33, 36, 32, 34, 37], [67, 65, 63, 62, 74, 72, 61, 64, 102, 68, 66, 69]], [6, [15, 14, 12, 13], [25, 27, 29, 30, 28, 26, 22, 21]], [5, [28, 30, 29, 31], [57, 55, 54, 53, 56, 58, 60, 59]], [4, [21, 22, 23, 26, 27, 24, 25], [43, 42, 41, 40, 44, 46, 45, 48, 51, 101, 50, 52, 49, 47]], [0, [45, 46, 43, 44, 47], [90, 87, 86, 83, 82, 84, 85, 88, 89, 91]], [9, [17, 20, 16, 19, 18, 10], [20, 24, 32, 33, 31, 35, 37, 38, 39, 36, 105, 34]], [1, [8, 11, 7, 9, 6], [13, 17, 18, 19, 15, 16, 14, 12, 23, 103]], [2, [42, 40, 41, 38, 39], [81, 78, 104, 76, 71, 70, 73, 77, 79, 80]], [7, [49, 52, 50, 51, 48], [98, 96, 95, 94, 92, 93, 97, 106, 100, 99]], [3, [4, 2, 1, 3, 5, 0], [5, 3, 7, 8, 10, 11, 9, 6, 4, 2, 1, 75]]]
Unoptimized distances is: 831.78799469
Chromosome waiting time :7628.572166333319




//////lc 102/////
Populations creation time --- 15.608401775360107 seconds ---
GA time --- 27.03104019165039 seconds ---
Distances of the best chromosome: 881.597907709
[[6, [24, 23, 22, 27, 25, 26, 21], [43, 42, 41, 40, 44, 46, 45, 48, 51, 50, 106, 52, 49, 47]], [1, [19, 20, 16, 17, 18], [32, 33, 31, 35, 37, 38, 39, 104, 36, 34]], [3, [14, 13, 11, 10, 12, 15], [20, 24, 25, 27, 29, 30, 28, 103, 26, 23, 22, 21]], [4, [39, 41, 42, 40, 37], [81, 78, 105, 76, 71, 70, 73, 77, 79, 80]], [8, [38, 35, 33, 32, 34], [67, 65, 63, 62, 74, 72, 61, 64, 66, 69]], [7, [9, 8, 6, 7, 46], [13, 17, 18, 19, 15, 16, 14, 12, 88, 91]], [0, [3, 4, 2, 1, 5, 0], [5, 3, 7, 8, 10, 11, 9, 6, 4, 2, 1, 75]], [5, [28, 36, 31, 30, 29], [57, 55, 54, 53, 56, 58, 60, 59, 68, 102]], [2, [48, 50, 44, 47, 51, 43, 49, 52, 45], [90, 87, 86, 98, 96, 92, 93, 94, 82, 83, 84, 85, 95, 97, 101, 100, 99, 89]]]
Distances of the worst chromosome: 886.901092241
[[1, [19, 20, 16, 17, 18], [32, 33, 31, 35, 37, 38, 39, 104, 36, 34]], [3, [14, 13, 11, 10, 12, 15], [20, 24, 25, 27, 29, 30, 28, 103, 26, 23, 22, 21]], [4, [37, 42, 41, 40, 39, 34], [65, 81, 78, 105, 76, 71, 70, 73, 77, 79, 80, 72]], [2, [48, 50, 44, 47, 51, 43, 49, 52, 45], [90, 87, 86, 98, 96, 92, 93, 94, 82, 83, 84, 85, 95, 97, 101, 100, 99, 89]], [6, [24, 23, 22, 27, 25, 26, 21], [43, 42, 41, 40, 44, 46, 45, 48, 51, 50, 106, 52, 49, 47]], [7, [9, 8, 6, 7, 46], [13, 17, 18, 19, 15, 16, 14, 12, 88, 91]], [0, [3, 4, 2, 1, 5, 0], [5, 3, 7, 8, 10, 11, 9, 6, 4, 2, 1, 75]], [5, [28, 36, 31, 30, 29], [57, 55, 54, 53, 56, 58, 60, 59, 68, 102]], [8, [38, 32, 33, 35], [67, 63, 62, 74, 61, 64, 66, 69]]]
Chromosome waiting time :6454.830394964804



//////// lr 111 //////////////////
 processing time --- 0.04690980911254883 seconds ---
Populations creation time --- 5.710096836090088 seconds ---
GA time --- 11.223338603973389 seconds ---
Distances of the best chromosome: 1030.16189569
[[9, [9, 8, 3, 48, 44, 45, 53], [18, 83, 8, 105, 45, 84, 17, 91, 100, 85, 93, 60, 89, 106]], [8, [35, 52, 29, 14], [27, 101, 69, 99, 59, 87, 97, 53]], [5, [31, 34, 36, 32, 5, 47, 26], [52, 88, 62, 11, 63, 90, 32, 65, 66, 20, 10, 70, 104, 31]], [3, [23, 1, 38, 11, 7, 28], [2, 57, 102, 15, 43, 41, 22, 74, 56, 72, 21, 58]], [1, [24, 6, 46, 20, 50, 30, 51, 49], [94, 95, 92, 98, 37, 42, 14, 44, 38, 86, 16, 61, 5, 96, 6, 13]], [0, [17, 4, 18, 15, 16, 0, 19, 42, 41], [28, 1, 30, 51, 33, 79, 78, 81, 9, 71, 35, 34, 29, 68, 77, 103, 3, 50]], [7, [33, 43, 2, 10, 25], [7, 19, 64, 49, 36, 46, 47, 48, 82, 107]], [6, [40, 22, 27], [40, 76, 12, 54, 4, 26]], [2, [12, 21, 37, 39, 13], [73, 108, 75, 23, 67, 39, 55, 25, 24, 80]]]
Distances of the worst chromosome: 1036.35135371
[[9, [9, 8, 3, 48, 44, 45, 53], [18, 83, 8, 105, 45, 84, 17, 91, 100, 85, 93, 60, 89, 106]], [1, [24, 6, 46, 20, 50, 30, 51, 49], [94, 95, 92, 98, 37, 42, 14, 44, 38, 86, 16, 61, 5, 96, 6, 13]], [0, [17, 4, 18, 15, 16, 0, 19, 42, 41], [28, 1, 30, 51, 33, 79, 78, 81, 9, 71, 35, 34, 29, 68, 77, 103, 3, 50]], [7, [33, 43, 2, 10, 25, 26], [52, 7, 19, 64, 49, 36, 46, 47, 48, 82, 107, 31]], [8, [35, 52, 29, 14], [27, 101, 69, 99, 59, 87, 97, 53]], [2, [12, 21, 37, 39, 13], [73, 108, 75, 23, 67, 39, 55, 25, 24, 80]], [6, [40, 22, 27], [40, 76, 12, 54, 4, 26]], [3, [23, 1, 38, 11, 7, 28], [2, 57, 102, 15, 43, 41, 22, 74, 56, 72, 21, 58]], [5, [34, 36, 47, 31, 32, 5], [88, 62, 11, 63, 90, 32, 65, 66, 20, 10, 70, 104]]]
Chromosome waiting time :399.21128235005796



////////// lr 206 ////////////////////

 processing time --- 0.03766465187072754 seconds ---
Populations creation time --- 33.712361097335815 seconds ---
GA time --- 225.61152505874634 seconds ---
Distances of the best chromosome: 954.427266399
[[1, [35, 47, 17, 20, 34, 36, 21, 1, 18, 38, 19, 7, 6, 8], [28, 12, 3, 33, 65, 71, 62, 11, 64, 63, 90, 30, 51, 9, 81, 79, 29, 78, 34, 35, 66, 20, 32, 10, 70, 31, 52, 89]], [2, [24, 27, 40, 49, 23, 41, 37, 25, 39, 13, 14, 45, 16, 0, 12, 15, 3, 31], [27, 69, 1, 50, 76, 26, 39, 67, 23, 41, 22, 72, 73, 21, 40, 53, 6, 96, 99, 95, 97, 87, 43, 57, 2, 74, 75, 56, 4, 25, 55, 54, 24, 80, 68, 77]], [0, [48, 9, 10, 28, 29, 22, 2, 4, 44, 42, 46, 33, 32, 43, 11, 26, 30, 5], [7, 82, 48, 47, 36, 45, 5, 59, 92, 42, 15, 14, 38, 44, 86, 16, 91, 98, 61, 84, 88, 19, 49, 46, 8, 18, 60, 83, 17, 85, 93, 100, 37, 94, 13, 58]]]
Distances of the worst chromosome: 1138.52297717
[[1, [35, 47, 17, 20, 34, 36, 21, 1, 18, 38, 19, 7, 6, 8], [28, 12, 3, 33, 65, 71, 62, 11, 64, 63, 90, 30, 51, 9, 81, 79, 29, 78, 34, 35, 66, 20, 32, 10, 70, 31, 52, 89]], [0, [10, 33, 4, 44, 43, 2, 28, 26], [7, 42, 5, 84, 86, 38, 44, 16, 46, 60, 17, 100, 93, 94, 13, 58]], [2, [24, 27, 40, 49, 23, 41, 37, 25, 39, 13, 14, 45, 16, 0, 12, 15, 3, 31, 46, 32, 42, 22, 9, 30, 29, 5, 11, 48], [27, 92, 14, 82, 45, 36, 47, 69, 1, 50, 76, 26, 39, 67, 23, 15, 41, 22, 72, 73, 21, 40, 53, 59, 61, 18, 88, 19, 49, 48, 8, 83, 6, 96, 99, 85, 91, 98, 37, 95, 97, 87, 43, 57, 2, 74, 75, 56, 4, 25, 55, 54, 24, 80, 68, 77]]]
Chromosome waiting time :1255.899058374233

///////////// lrc 105 ////////////////
 processing time --- 0.024967193603515625 seconds ---
Populations creation time --- 4.095476388931274 seconds ---
GA time --- 18.82404088973999 seconds ---
Distances of the best chromosome: 1485.08388992
[[11, [11, 45, 29, 36, 28, 13, 12], [65, 83, 19, 18, 48, 21, 23, 49, 20, 22, 77, 25, 24, 105]], [9, [19, 51, 37, 34], [95, 33, 63, 76, 51, 57, 66, 56]], [6, [5, 39, 4, 31, 3, 1], [69, 88, 2, 6, 7, 8, 46, 5, 3, 55, 101, 68]], [8, [48], [90, 53]], [5, [22, 20, 26, 23, 21], [39, 36, 44, 40, 38, 37, 35, 104, 43, 70]], [3, [38, 33], [62, 67, 85, 84]], [7, [15, 47, 18, 16, 17, 14, 49], [31, 29, 27, 26, 28, 30, 32, 34, 50, 89, 102, 91, 106, 80]], [1, [42, 27, 2, 0, 43], [45, 79, 73, 78, 108, 60, 4, 107, 1, 100]], [0, [46, 50, 35, 32, 53], [92, 64, 99, 52, 86, 87, 59, 75, 74, 58]], [10, [40, 25, 41, 30, 24], [42, 72, 71, 94, 81, 61, 41, 54, 93, 96]], [2, [8, 52, 10, 6, 44, 7, 9], [98, 82, 12, 14, 47, 16, 103, 15, 11, 9, 97, 10, 13, 17]]]
Distances of the worst chromosome: 1490.02717503
[[11, [11, 45, 29, 36, 28, 13, 12], [65, 83, 19, 18, 48, 21, 23, 49, 20, 22, 77, 25, 24, 105]], [9, [19, 51, 37, 34], [95, 33, 63, 76, 51, 57, 66, 56]], [8, [48], [90, 53]], [7, [15, 47, 18, 16, 17, 14, 49], [31, 29, 27, 26, 28, 30, 32, 34, 50, 89, 102, 91, 106, 80]], [5, [22, 20, 26, 23, 21], [39, 36, 44, 40, 38, 37, 35, 104, 43, 70]], [6, [5, 39, 4, 31, 3, 1], [69, 88, 2, 6, 7, 8, 46, 5, 3, 55, 101, 68]], [1, [42, 27, 2, 0, 43], [45, 79, 73, 78, 108, 60, 4, 107, 1, 100]], [2, [9, 7, 8, 6, 10, 52, 44], [98, 82, 11, 15, 16, 103, 47, 14, 12, 9, 97, 10, 13, 17]], [3, [38, 33], [62, 67, 85, 84]], [0, [46, 50, 35, 32, 53], [92, 64, 99, 52, 86, 87, 59, 75, 74, 58]], [10, [40, 25, 41, 30, 24], [42, 72, 71, 94, 81, 61, 41, 54, 93, 96]]]
Chromosome waiting time :433.4567459229553

/////////////lrc201 - Broke World Records!!!////////////////////////////////////////

pdp_instances/LiLim/pdp_100/lrc201.txt
 processing time --- 0.08403611183166504 seconds ---
Populations creation time --- 8.560438632965088 seconds ---
GA time --- 74.12163472175598 seconds ---
Distances of the best chromosome: 1360.65752245
[[4, [31, 22, 2, 26, 18, 0, 24, 39, 23, 40, 46, 21, 20], [42, 39, 36, 72, 5, 45, 2, 88, 98, 61, 44, 40, 38, 41, 81, 94, 50, 34, 32, 26, 89, 48, 24, 25, 77, 58]], [3, [44, 9, 29, 45, 14, 48, 50, 13, 32, 15, 16, 17, 47, 37], [92, 95, 63, 33, 28, 27, 29, 31, 30, 62, 67, 71, 90, 53, 99, 57, 86, 87, 9, 10, 74, 97, 13, 17, 60, 100, 70, 102]], [1, [38, 4, 1, 30, 5, 3, 25, 34, 8, 6, 7], [65, 14, 47, 59, 75, 16, 15, 11, 12, 78, 73, 79, 7, 6, 8, 46, 3, 101, 1, 4, 55, 68]], [0, [35, 27, 10, 49, 41, 36, 43, 12, 28, 33, 11, 42, 19], [69, 82, 52, 83, 64, 19, 23, 21, 18, 76, 85, 84, 51, 49, 22, 20, 66, 56, 96, 54, 43, 35, 37, 93, 91, 80]]]
Distances of the worst chromosome: 1557.77946357
[[4, [31, 22, 2, 26, 18, 0, 24, 39, 23, 40, 46, 21, 20], [42, 39, 36, 72, 5, 45, 2, 88, 98, 61, 44, 40, 38, 41, 81, 94, 50, 34, 32, 26, 89, 48, 24, 25, 77, 58]], [1, [3, 30, 6, 8, 1, 25, 5, 38], [59, 14, 47, 16, 75, 12, 78, 73, 79, 6, 8, 46, 3, 101, 4, 1]], [0, [35, 27, 10, 49, 41, 36, 43, 12, 28, 33, 11, 42, 19, 4, 7], [69, 82, 52, 83, 15, 11, 64, 19, 23, 21, 18, 76, 85, 84, 51, 49, 22, 20, 66, 56, 96, 54, 68, 55, 43, 35, 37, 93, 91, 80]], [3, [44, 9, 29, 45, 14, 48, 50, 13, 32, 15, 16, 17, 47, 37, 34], [65, 92, 95, 63, 33, 28, 27, 29, 31, 30, 62, 67, 71, 7, 90, 53, 99, 57, 86, 87, 9, 10, 74, 97, 13, 17, 60, 100, 70, 102]]]
Chromosome waiting time :1740.1859846573557